{
 "cells": [
  {
   "cell_type": "code",
   "execution_count": 1,
   "id": "9b8858f8",
   "metadata": {},
   "outputs": [
    {
     "name": "stdout",
     "output_type": "stream",
     "text": [
      "[[-1.48037205 -0.18264137 -0.90482868  0.76307674]\n",
      " [ 0.65499761 -0.11654231 -0.69501872 -0.86428746]\n",
      " [-1.92465547 -0.02851981  0.6152346  -0.58887022]\n",
      " [ 0.01375068 -0.52268882  0.38488957  0.16666448]\n",
      " [-2.21926575 -0.6602078  -0.56495034 -1.33962878]\n",
      " [-1.66876715  2.06984471 -0.82888752  1.06126999]\n",
      " [ 0.88293593 -0.00971423 -0.31448834 -0.4373544 ]\n",
      " [-0.6260257  -0.52806665 -0.06238083 -0.22372117]\n",
      " [ 0.46288044 -0.78665897  0.10482402  1.34182098]\n",
      " [-0.16860537  1.15439238 -0.65312089  1.00970724]\n",
      " [ 1.46821981  1.12364938  0.34506855 -0.47383069]\n",
      " [-0.20747821 -0.07458384  0.07960047 -0.49048332]]\n"
     ]
    }
   ],
   "source": [
    "import numpy as np\n",
    "mat_A=np.random.randn(12,4)\n",
    "print(mat_A)"
   ]
  },
  {
   "cell_type": "code",
   "execution_count": 4,
   "id": "f2f6250c",
   "metadata": {},
   "outputs": [
    {
     "name": "stdout",
     "output_type": "stream",
     "text": [
      "[[-1.48037205  0.65499761 -1.92465547  0.01375068 -2.21926575 -1.66876715\n",
      "   0.88293593 -0.6260257   0.46288044 -0.16860537  1.46821981 -0.20747821]\n",
      " [-0.18264137 -0.11654231 -0.02851981 -0.52268882 -0.6602078   2.06984471\n",
      "  -0.00971423 -0.52806665 -0.78665897  1.15439238  1.12364938 -0.07458384]\n",
      " [-0.90482868 -0.69501872  0.6152346   0.38488957 -0.56495034 -0.82888752\n",
      "  -0.31448834 -0.06238083  0.10482402 -0.65312089  0.34506855  0.07960047]\n",
      " [ 0.76307674 -0.86428746 -0.58887022  0.16666448 -1.33962878  1.06126999\n",
      "  -0.4373544  -0.22372117  1.34182098  1.00970724 -0.47383069 -0.49048332]]\n"
     ]
    }
   ],
   "source": [
    "mat_A_T=np.zeros((4,12))\n",
    "for i in range(mat_A.shape[0]):\n",
    "    for j in range(mat_A.shape[1]):\n",
    "        mat_A_T[j,i]=mat_A[i,j]\n",
    "print(mat_A_T)"
   ]
  },
  {
   "cell_type": "code",
   "execution_count": 6,
   "id": "30830b5e",
   "metadata": {},
   "outputs": [
    {
     "name": "stdout",
     "output_type": "stream",
     "text": [
      "[[-1.48037205  0.65499761 -1.92465547  0.01375068 -2.21926575 -1.66876715\n",
      "   0.88293593 -0.6260257   0.46288044 -0.16860537  1.46821981 -0.20747821]\n",
      " [-0.18264137 -0.11654231 -0.02851981 -0.52268882 -0.6602078   2.06984471\n",
      "  -0.00971423 -0.52806665 -0.78665897  1.15439238  1.12364938 -0.07458384]\n",
      " [-0.90482868 -0.69501872  0.6152346   0.38488957 -0.56495034 -0.82888752\n",
      "  -0.31448834 -0.06238083  0.10482402 -0.65312089  0.34506855  0.07960047]\n",
      " [ 0.76307674 -0.86428746 -0.58887022  0.16666448 -1.33962878  1.06126999\n",
      "  -0.4373544  -0.22372117  1.34182098  1.00970724 -0.47383069 -0.49048332]]\n"
     ]
    }
   ],
   "source": [
    "print(mat_A.T)"
   ]
  },
  {
   "cell_type": "code",
   "execution_count": 11,
   "id": "5ef39205",
   "metadata": {},
   "outputs": [
    {
     "data": {
      "text/plain": [
       "True"
      ]
     },
     "execution_count": 11,
     "metadata": {},
     "output_type": "execute_result"
    }
   ],
   "source": [
    "(mat_A.T==mat_A_T).all()"
   ]
  },
  {
   "cell_type": "code",
   "execution_count": null,
   "id": "b0077386",
   "metadata": {},
   "outputs": [],
   "source": []
  }
 ],
 "metadata": {
  "kernelspec": {
   "display_name": "Python 3 (ipykernel)",
   "language": "python",
   "name": "python3"
  },
  "language_info": {
   "codemirror_mode": {
    "name": "ipython",
    "version": 3
   },
   "file_extension": ".py",
   "mimetype": "text/x-python",
   "name": "python",
   "nbconvert_exporter": "python",
   "pygments_lexer": "ipython3",
   "version": "3.11.9"
  }
 },
 "nbformat": 4,
 "nbformat_minor": 5
}
